1000000 1000000 1000000 427 668 495 377 678 1000000 177 1000000 1000000 870 1000000 869 624 300 609 131 1000000 251 1000000 1000000 1000000 856 221 514 1000000 591 762 182 56 1000000 884 412 273 636 1000000 1000000 774 
1000000 1000000 262 1000000 1000000 508 472 799 1000000 956 578 363 940 143 1000000 162 122 910 1000000 729 802 941 922 573 531 539 667 607 1000000 920 1000000 1000000 315 649 937 1000000 185 102 636 289 
1000000 262 1000000 1000000 926 1000000 958 158 647 47 621 264 81 1000000 402 813 649 386 252 391 264 637 349 1000000 1000000 1000000 108 1000000 727 225 578 699 1000000 898 294 1000000 575 168 432 833 
427 1000000 1000000 1000000 366 1000000 1000000 635 1000000 32 962 468 893 854 718 427 448 916 258 1000000 760 909 529 311 404 1000000 1000000 588 680 875 1000000 615 1000000 409 758 221 1000000 1000000 76 257 
668 1000000 926 366 1000000 1000000 1000000 250 268 1000000 503 944 1000000 677 1000000 727 793 457 981 191 1000000 1000000 1000000 351 969 925 987 328 282 589 1000000 873 477 1000000 1000000 19 450 1000000 1000000 1000000 
495 508 1000000 1000000 1000000 1000000 1000000 765 711 819 305 302 926 1000000 1000000 582 1000000 861 1000000 683 293 1000000 1000000 66 1000000 27 1000000 1000000 290 1000000 786 1000000 554 817 33 1000000 54 506 386 381 
377 472 958 1000000 1000000 1000000 1000000 1000000 1000000 120 42 1000000 134 219 457 639 538 374 1000000 1000000 1000000 966 1000000 1000000 1000000 1000000 1000000 449 120 797 358 232 550 1000000 305 997 662 744 686 239 
678 799 158 635 250 765 1000000 1000000 1000000 35 1000000 106 385 652 160 1000000 890 812 605 953 1000000 1000000 1000000 79 1000000 712 613 312 452 1000000 978 900 1000000 901 1000000 1000000 225 533 770 722 
1000000 1000000 647 1000000 268 711 1000000 1000000 1000000 283 1000000 172 1000000 663 236 36 403 286 986 1000000 1000000 810 761 574 53 793 1000000 1000000 777 330 936 883 286 1000000 174 1000000 1000000 1000000 828 711 
177 956 47 32 1000000 819 120 35 283 1000000 50 1000000 565 36 767 684 344 489 565 1000000 1000000 103 810 463 733 665 494 644 863 25 385 1000000 342 470 1000000 1000000 1000000 730 582 468 
1000000 578 621 962 503 305 42 1000000 1000000 50 1000000 155 519 1000000 1000000 256 990 801 154 53 474 650 402 1000000 1000000 1000000 966 1000000 1000000 406 989 772 932 7 1000000 823 391 1000000 1000000 933 
1000000 363 264 468 944 302 1000000 106 172 1000000 155 1000000 1000000 1000000 380 438 1000000 41 266 1000000 1000000 104 867 609 1000000 270 861 1000000 1000000 165 1000000 675 250 686 995 366 191 1000000 433 1000000 
870 940 81 893 1000000 926 134 385 1000000 565 519 1000000 1000000 313 851 1000000 1000000 1000000 248 220 1000000 826 359 829 1000000 234 198 145 409 68 359 1000000 814 218 186 1000000 1000000 929 203 1000000 
1000000 143 1000000 854 677 1000000 219 652 663 36 1000000 1000000 313 1000000 132 1000000 433 598 1000000 1000000 168 870 1000000 1000000 1000000 128 437 1000000 383 364 966 227 1000000 1000000 807 993 1000000 1000000 526 17 
869 1000000 402 718 1000000 1000000 457 160 236 767 1000000 380 851 132 1000000 1000000 596 903 613 730 1000000 261 1000000 142 379 885 89 1000000 848 258 112 1000000 900 1000000 1000000 818 639 268 600 1000000 
624 162 813 427 727 582 639 1000000 36 684 256 438 1000000 1000000 1000000 1000000 539 379 664 561 542 1000000 999 585 1000000 1000000 321 398 1000000 1000000 950 68 193 1000000 697 1000000 390 588 848 1000000 
300 122 649 448 793 1000000 538 890 403 344 990 1000000 1000000 433 596 539 1000000 1000000 73 1000000 318 1000000 1000000 500 1000000 968 1000000 291 1000000 1000000 765 196 504 757 1000000 542 1000000 395 227 148 
609 910 386 916 457 861 374 812 286 489 801 41 1000000 598 903 379 1000000 1000000 1000000 946 136 399 1000000 941 707 156 757 258 251 1000000 807 1000000 1000000 1000000 461 501 1000000 1000000 616 1000000 
131 1000000 252 258 981 1000000 1000000 605 986 565 154 266 248 1000000 613 664 73 1000000 1000000 686 1000000 1000000 575 627 817 282 1000000 698 398 222 1000000 649 1000000 1000000 1000000 1000000 1000000 654 1000000 1000000 
1000000 729 391 1000000 191 683 1000000 953 1000000 1000000 53 1000000 220 1000000 730 561 1000000 946 686 1000000 1000000 389 729 553 304 703 455 857 260 1000000 991 182 351 477 867 1000000 1000000 889 217 853 
251 802 264 760 1000000 293 1000000 1000000 1000000 1000000 474 1000000 1000000 168 1000000 542 318 136 1000000 1000000 1000000 1000000 392 1000000 1000000 1000000 267 407 27 651 80 927 1000000 974 977 1000000 1000000 457 117 1000000 
1000000 941 637 909 1000000 1000000 966 1000000 810 103 650 104 826 870 261 1000000 1000000 399 1000000 389 1000000 1000000 1000000 202 1000000 1000000 1000000 1000000 867 140 403 962 785 1000000 511 1000000 1 1000000 707 1000000 
1000000 922 349 529 1000000 1000000 1000000 1000000 761 810 402 867 359 1000000 1000000 999 1000000 1000000 575 729 392 1000000 1000000 388 939 1000000 959 1000000 83 463 361 1000000 1000000 512 931 1000000 224 690 369 1000000 
1000000 573 1000000 311 351 66 1000000 79 574 463 1000000 609 829 1000000 142 585 500 941 627 553 1000000 202 388 1000000 164 829 1000000 620 523 639 936 1000000 1000000 490 1000000 695 1000000 505 109 1000000 
856 531 1000000 404 969 1000000 1000000 1000000 53 733 1000000 1000000 1000000 1000000 379 1000000 1000000 707 817 304 1000000 1000000 939 164 1000000 1000000 616 716 728 1000000 889 349 1000000 963 150 447 1000000 292 586 264 
221 539 1000000 1000000 925 27 1000000 712 793 665 1000000 270 234 128 885 1000000 968 156 282 703 1000000 1000000 1000000 829 1000000 1000000 1000000 822 1000000 1000000 1000000 736 576 1000000 697 946 443 1000000 205 194 
514 667 108 1000000 987 1000000 1000000 613 1000000 494 966 861 198 437 89 321 1000000 757 1000000 455 267 1000000 959 1000000 616 1000000 1000000 1000000 349 156 339 1000000 102 790 359 1000000 439 938 809 260 
1000000 607 1000000 588 328 1000000 449 312 1000000 644 1000000 1000000 145 1000000 1000000 398 291 258 698 857 407 1000000 1000000 620 716 822 1000000 1000000 293 486 943 1000000 779 1000000 6 880 116 775 1000000 947 
591 1000000 727 680 282 290 120 452 777 863 1000000 1000000 409 383 848 1000000 1000000 251 398 260 27 867 83 523 728 1000000 349 293 1000000 212 684 505 341 384 9 992 507 48 1000000 1000000 
762 920 225 875 589 1000000 797 1000000 330 25 406 165 68 364 258 1000000 1000000 1000000 222 1000000 651 140 463 639 1000000 1000000 156 486 212 1000000 1000000 349 723 1000000 1000000 186 1000000 36 240 752 
182 1000000 578 1000000 1000000 786 358 978 936 385 989 1000000 359 966 112 950 765 807 1000000 991 80 403 361 936 889 1000000 339 943 684 1000000 1000000 965 302 676 725 1000000 327 134 1000000 147 
56 1000000 699 615 873 1000000 232 900 883 1000000 772 675 1000000 227 1000000 68 196 1000000 649 182 927 962 1000000 1000000 349 736 1000000 1000000 505 349 965 1000000 474 178 833 1000000 1000000 555 853 1000000 
1000000 315 1000000 1000000 477 554 550 1000000 286 342 932 250 814 1000000 900 193 504 1000000 1000000 351 1000000 785 1000000 1000000 1000000 576 102 779 341 723 302 474 1000000 689 1000000 1000000 1000000 451 1000000 1000000 
884 649 898 409 1000000 817 1000000 901 1000000 470 7 686 218 1000000 1000000 1000000 757 1000000 1000000 477 974 1000000 512 490 963 1000000 790 1000000 384 1000000 676 178 689 1000000 245 596 445 1000000 1000000 343 
412 937 294 758 1000000 33 305 1000000 174 1000000 1000000 995 186 807 1000000 697 1000000 461 1000000 867 977 511 931 1000000 150 697 359 6 9 1000000 725 833 1000000 245 1000000 949 1000000 270 1000000 112 
273 1000000 1000000 221 19 1000000 997 1000000 1000000 1000000 823 366 1000000 993 818 1000000 542 501 1000000 1000000 1000000 1000000 1000000 695 447 946 1000000 880 992 186 1000000 1000000 1000000 596 949 1000000 91 1000000 768 273 
636 185 575 1000000 450 54 662 225 1000000 1000000 391 191 1000000 1000000 639 390 1000000 1000000 1000000 1000000 1000000 1 224 1000000 1000000 443 439 116 507 1000000 327 1000000 1000000 445 1000000 91 1000000 248 1000000 344 
1000000 102 168 1000000 1000000 506 744 533 1000000 730 1000000 1000000 929 1000000 268 588 395 1000000 654 889 457 1000000 690 505 292 1000000 938 775 48 36 134 555 451 1000000 270 1000000 248 1000000 371 680 
1000000 636 432 76 1000000 386 686 770 828 582 1000000 433 203 526 600 848 227 616 1000000 217 117 707 369 109 586 205 809 1000000 1000000 240 1000000 853 1000000 1000000 1000000 768 1000000 371 1000000 540 
774 289 833 257 1000000 381 239 722 711 468 933 1000000 1000000 17 1000000 1000000 148 1000000 1000000 853 1000000 1000000 1000000 1000000 264 194 260 947 1000000 752 147 1000000 1000000 343 112 273 344 680 540 1000000 
